cam_model: Pinhole
cam_width: 2592
cam_height: 1944
scale: 0.5
cam_fx: 1485.315558
cam_fy: 1480.326551
cam_cx: 1308.774010
cam_cy: 871.738812
cam_d0: 0.040118
cam_d1: -0.036569
cam_d2: 0.000956
cam_d3: 0.000085