cam_model: Pinhole
cam_width: 2592
cam_height: 1944
scale: 1
cam_fx: 1500.000000
cam_fy: 1500.000000
cam_cx: 1300.035920
cam_cy: 866.168949
cam_d0: 0.063541
cam_d1: -0.049592
cam_d2: -0.002695
cam_d3: 0.0